Row	lpac	nbutanol	docosanol	rrbutanediol	phenylethanol	glycerol	methylbutanol	isobutanol	sreticuline	psilocybin	cinnamoyltropine	choline	hypoxanthine	xanthine	nicotianamine	ergothioneine	glutathione	alanine	arginine	asparagine	aspartate	citrulline	cysteine	glutamate	glutamine	glycine	histidine	homoserine	isoleucine	leucine	lysine	methionine	phenylalanine	proline	serine	threonine	tryptophan	tyrosine	valine	ornithine	hydroxymandelicacid	cinnamate	mandelicacid	coumaricacid	rosmarinicacid	salidroside	tyrosol	vanillinbetaglucoside	betaionone	putrescine	spermine	ara	dha	epa	ffas	laurate	oleate	palmitoleate	triacylglycerol	ergosterol	catechin	genistein	kaempferol	naringenin	quercetin	hpasp	hpmalcoa	adipicacid	cismuconate	itaconicacid	caffeicacid	succinate	lactate	malate	oxoglutarate	acetate	citrate	fumaricacid	glycolate	hexanoate	pyruvate	resveratrol	astaxanthin	betaxanthin	betacarotene	artemisinicacid	farnesene	amorphadiene	geraniol	limonene	linalool	lupeol	oleanolate	patchoulol	protopanaxadiol	santalene	betaamyrin	glycyrrhetinicacid	lycopene	miltiradiene	nootkatone	squalene	taxadienalphaylacetate	valencene
lpac	0	7.09406671024735	14.4913235768162	6.06517673509294	5.60641786072874	5.4799121071778	8.39135291717229	7.43093400431502	19.8657359160006	42.9981147995775	44.4505640309705	19.8683924534348	36.0998145407672	41.4841642088425	20.5955186888101	24.429283580665	10.6556159280868	3.75353527117918	4.40174679962572	4.42340682241507	5.28838026902205	4.66445672362176	12.908730379739	7.93069290235996	4.04837571632884	4.13760916965543	7.23439815052355	5.91063590627727	7.2921822679707	7.47145820638519	7.54197737412153	12.0156027656367	6.31961554399571	9.20042030625558	4.7309029180071	6.62332422960866	9.67702289035477	6.26483944121908	6.93457371810717	9.54467298812503	6.21481327295547	6.20347833393806	6.32590861948326	6.12266934392789	6.58349711262008	82.5170565373813	98.1961803749107	20.5738020700994	19.1347118205965	9.72770210749257	12.9287015602182	14.5650711290572	12.6816491525089	14.0211238276345	10.2054509668929	13.6315734053637	10.2048382885842	10.106561879616	18.7087024243128	10.7696499209252	14.6770738076465	20.6481187408859	17.0834130711426	15.3057870989313	16.7222218150141	6.77543486157981	10.6563801551352	5.12021898227917	6.44572453471338	9.61096690228047	33.3474020611864	7.58958995885204	5.72077715079042	10.0200623907105	11.8565073258315	9.68636698596731	10.1277506473014	10.455598264189	20.4715444580629	24.3178764676128	5.86573568104655	10.7601428909303	24.5354344297798	10.538583476497	15.0377339560704	10.767865146277	10.6699267850869	10.6693017417721	10.5230823111219	10.6732657863953	10.5249433611094	14.524336366734	12.3505237604697	14.2923525307651	19.4254138612014	10.6697465264039	10.5824225074365	17.3072599242041	17.9636228490768	29.5093343539341	11.2070258442945	1040.96243403788	14.1147981865523	10.7677150564249
nbutanol	7.09406671024735	0	12.9288324378637	7.64912005498606	6.76051673337075	8.63626616205187	5.2796266811749	8.36713516788204	19.2635536901771	42.4241328532526	44.1832659838811	17.5378691413563	33.6403475919916	38.9299774826426	19.218654697982	22.1672966160806	8.67098528078371	8.19191009504212	6.22010723997049	6.92945158542523	7.48295896033705	6.12731265528517	11.7251356792766	6.31495038328938	6.25331365731304	7.99196797457544	8.17923766577475	6.40378772778997	5.49434078009826	5.36362547292167	5.88595021667363	9.36952049655375	7.24460627346995	7.21831357376685	8.14951976145921	6.29103840026192	8.8472371915236	7.3503301745249	7.66799397358259	7.53439242906085	7.23711377172604	7.1435223616827	7.22152635661352	7.22887326741043	7.17539675596372	82.5758105845352	98.2114654301779	21.3165422016343	17.4838326341955	7.39749854812452	11.0497670295362	13.2158236008492	11.1156433565823	12.6555141000905	8.33100160492612	11.1454162544634	8.29968310610296	8.24351618155329	16.0968309916275	7.66444736944069	13.4146002170104	20.0769641260872	15.0624546543284	14.1162015617673	14.7766207132124	6.15289028904933	9.14148016912087	7.57119400777876	7.83472791526182	6.93401707811604	33.556128867016	7.45689880795744	9.17286175518629	10.2423332865512	9.02462720456641	7.6904692628831	9.68742182500098	10.4413952763508	17.0205601376799	21.4372238697851	9.16057194568957	8.90044093934879	23.3201345401254	11.1054489485709	12.8847182534342	8.07451945330502	7.39203860683264	7.39123926866203	7.25517425028409	7.39691448955253	7.25764017275917	12.4525684566779	10.0695401152441	12.0651426499993	17.97654743372	7.39180285576385	7.50617038416596	15.5033497368929	16.2011666578116	28.4765724445144	7.97527118333417	1039.95429835464	11.7622598968362	7.53033155463417
docosanol	14.4913235768162	12.9288324378637	0	15.5825299259993	13.1224116831808	15.2452561175529	11.8301885928983	16.2902266549749	11.2118975340875	33.1799818569324	35.7929029401984	15.8628396915688	30.5159332626014	35.3812182553815	13.3570366346356	14.4884246141754	12.1637125742782	15.6367145613582	13.0702034372344	13.0420706351616	14.9503169806814	13.4168056624264	14.6316677419953	13.4644912229568	13.9562577803507	14.6972616994593	12.1940559313446	14.3414468530735	13.9022769725103	12.6486155553866	12.3095452125403	13.4986257768992	13.1004370872362	13.9523166641245	14.1351173343657	13.6470360445558	12.066408928429	13.0477441112	15.4807814207231	14.1332305051063	12.7830863577589	13.0445051925628	12.7637769692153	12.7135212012542	12.2514739571276	74.0675963246723	89.6422287415249	15.185881713501	10.9255753695983	14.0805511546123	12.9175199939344	3.24873713998531	3.95840178976916	2.92384652439823	9.00404467915147	9.34472065466136	9.04354357431995	9.07926306797859	14.6985574319485	12.5805323819735	5.00222162161482	10.2704014538384	6.63754311274447	5.00424469227666	6.46242695463668	12.9329672805103	9.7295842371406	14.1981284408007	13.1276757262266	12.4034847956392	25.7411464886502	13.9252797717188	16.6760125637542	14.3253104034116	12.8913272226872	12.5890547837343	13.940866704681	14.2050991432892	18.5508915643227	16.9514923537436	15.8619107664981	8.72821369670315	15.8259806253905	9.68267476788509	8.58931817186624	13.0734467424374	12.1159706931264	12.1600693716295	12.1514747257094	12.1437058787009	12.053474057567	8.93079162097113	9.97261560040887	8.43273969040231	11.761920333906	12.1264333846019	12.4593281317125	10.0509359399952	10.1301244276741	20.4653115031979	11.3130514741438	1030.49111816182	8.25861158672156	11.2070734252055
rrbutanediol	6.06517673509294	7.64912005498606	15.5825299259993	0	8.02170021714533	8.68513251734914	8.94176775023669	5.84524077037179	21.3443239894032	44.0005430141168	44.8772093521426	22.4934573531322	38.7085735184383	44.0849720637044	23.3344644838809	26.8429483352391	13.0372258030034	5.8679320542679	7.94724189121065	8.23371248031884	5.52624877497355	7.58939056895573	15.5111204002042	8.82644970748516	7.00503125864951	7.83114721501147	11.1711931092044	6.99618486883737	8.55440912661886	8.02648500692408	9.58339518280704	14.1377895213341	9.11017746271938	9.92503896083124	8.97941255473403	8.93104734961586	12.8714284916662	9.0769856556987	6.30737178720835	10.2449257177886	9.00298699955775	9.03000161467705	9.2783075089909	8.97911172395809	9.34860493469654	82.7882833439029	98.3841212003131	21.6422144497386	19.6642481489814	10.2874350689161	15.7223499220403	16.1148536947364	14.5126021478481	15.49571282936	11.5524882694614	15.2036902225279	11.533819939344	11.4109581617203	21.3795736252802	11.7850798601486	15.9996378317248	21.796119556146	18.5467830870032	16.7736386957	18.1492479888682	8.35019002069153	12.7170378028966	7.53157274012277	9.66296248066942	11.0383307206981	33.9805346100672	9.33419026383551	4.67139544718664	13.7832435672437	13.4294897210589	10.6994854550844	13.7762164476056	14.1347912467481	22.0752801642667	26.0565214144775	7.09227601731438	12.7342683342395	24.9002322627721	12.4473476878765	15.701933600123	11.4995548732075	11.5852813722252	11.5847472991004	11.4412032185971	11.5883797039629	11.4428212934634	15.1264284961214	12.9604007376182	14.9785084215906	19.8488267213034	11.585125234152	11.4015446651796	17.8469204410559	18.52155287814	29.8452873641154	12.1212796377257	1041.40189078646	14.8371489065253	11.6745187483714
phenylethanol	5.60641786072874	6.76051673337075	13.1224116831808	8.02170021714533	0	7.71419764961374	7.27376503341389	8.82444514204448	18.4781515082049	42.1856597631507	44.1146532542772	17.7746522393698	33.3124691169915	38.7434158921673	18.8324875508807	22.2468406501123	8.1564300298818	6.75644062805201	5.19208297422447	5.40681959499745	7.32366041581258	5.50310775336403	10.812225036332	7.6415365363377	5.46397763363594	6.5385288806335	6.31978453054216	6.88858215472579	6.97301355080186	6.81380816687975	7.03832513713853	9.78224933796071	2.73701128065927	8.46981687597506	6.30132844705397	7.13651884633355	6.60396704536894	2.8837579918468	7.93636316626109	8.81944375860367	2.65243743841248	2.45699485417101	2.80806832958439	2.55859863017113	2.59680029433359	82.4017716604026	98.0321782936971	20.3363305128344	18.2617225629158	8.88195731988649	10.9136394403887	13.0138061079919	10.8323239944184	12.5290870965164	8.60387014199047	11.8260991451641	8.49428088949226	8.41814897218725	16.3947634439686	8.96523116987003	12.8871981361925	19.4581272707755	15.1311920589673	13.4659594586006	14.7707063741519	7.60987817802833	9.67281253062988	3.14575779390826	3.63592556311001	8.56705611972564	32.8693886687766	8.11989781349997	8.87652369153367	10.2516671176495	10.6595250509727	9.6276151481819	10.1329274363286	9.94896526230658	19.4769868098167	22.3481792390571	7.75987345488912	7.8914296982112	23.8569572802159	8.603427329104	13.9180200252767	9.38902784802072	9.13446546750784	9.13380898620838	9.15371910503952	9.1384063668304	9.15569507697416	13.5288157360492	11.2379020828812	13.2650851013685	18.738483211341	9.13427239979436	9.18023261866461	16.2238969905567	17.0347960390401	28.9791324635686	9.377943702752	1040.46005379482	12.9022201111633	9.24693999464856
glycerol	5.4799121071778	8.63626616205187	15.2452561175529	8.68513251734914	7.71419764961374	0	9.87490133438843	9.78225008827132	20.175493695646	43.0998797953735	44.7710910105865	19.1657774044334	35.4162871865622	40.7611194259332	20.1457024102643	23.9800338766251	11.4995764467262	7.49227826638923	7.09782800987321	7.00960730613578	8.6388292964856	7.46254045142064	13.4697555811169	9.95774235715276	7.12214424271058	6.17954874235638	8.57819110561701	8.87745928179577	9.32376900265333	9.5448787406214	8.86044730952518	12.3494850023021	8.6014575763339	11.0136589643339	6.62517766942271	7.89424496478915	10.7669781585401	8.53407240395328	9.79180451146522	11.2316236743763	8.47542456264064	8.51649399328457	8.65247558328079	8.42998652425526	8.43287843300269	82.6246038463278	98.3310370888316	21.0607758911991	19.3228201118016	11.3448829745022	13.01381175816	15.275142137205	13.4786154842796	14.8310088235116	11.4595059754536	14.3904296519677	11.4376474203853	11.3778387880629	18.1096599918523	11.1431352085311	15.5733918690283	21.3058817205407	17.626012678425	15.9542845590219	17.330537097065	8.90008297090228	11.6903484646892	7.24179543813778	8.43919300842258	11.076097143758	33.8414356973692	8.86587535756377	9.00909481104	10.058747995729	12.8500897405811	10.9586487700882	10.8015860687901	10.708799814333	20.3546576886495	24.0919307281932	9.15538073669088	11.6556143080278	24.7175009145652	12.0888885362357	15.2802346248954	11.0487098607741	10.9919154938884	10.9913417740904	10.800712699836	10.9951750309946	10.8024511932617	14.7095886989719	12.5412617417731	14.5062076426317	19.5394363984409	10.9917483579416	10.840669646316	17.5261437164879	18.1658429381796	29.6217994595886	11.5983046099081	1040.51419516782	14.4024133282832	11.0861607079751
methylbutanol	8.39135291717229	5.2796266811749	11.8301885928983	8.94176775023669	7.27376503341389	9.87490133438843	0	8.47304329664806	19.1003669623255	42.2406783097092	44.1850146874018	16.8096061091298	32.2169265271743	37.4505689658684	18.4402172118498	21.6062513707395	8.16099909687061	9.55451412694308	7.00735731700355	7.54166607655932	8.56248881962427	6.84565140826327	12.3388031589112	6.71037565229425	7.38652113613392	9.06747279912117	8.13545970716458	8.04631699334057	7.66301262168819	3.267990175543	6.175306431342	10.2927344404151	7.75224732538463	7.07569310671324	8.95104602900124	7.80511423221766	8.40742008943154	7.62257437814842	7.46447506396093	7.51775328784543	7.21162672781704	7.65786696405601	7.37634114655899	7.50530425372978	7.14793375255314	82.6347741479323	98.2443691250429	21.6093244363606	17.3167989872669	7.42919927240289	10.3716058277179	12.3905934619213	10.1157602302127	11.8468658440641	7.16891988129726	9.76437607443685	7.16933941411068	7.11927720318371	14.7540782675361	7.92614226676798	12.752299479207	19.4606964497085	14.2515766437436	13.211881037635	13.9760190376362	6.84122254771164	8.1594439821174	8.3124634604586	7.88914663580849	6.43955275909072	33.6126482495586	7.71441872014131	10.3823581871921	10.2228719955896	8.23587607644663	7.34461396990591	9.7990249141334	10.2189045714249	16.8943296386774	19.8413635936821	10.028780031159	7.40407142928628	23.2218397897315	11.2070827668595	12.6614448962118	8.03251191308533	7.03864231511392	7.03783997851214	6.9645865353947	7.04378342848097	6.96707184643027	12.3279121579131	10.0267290081846	11.8756739703962	17.9213849382195	7.03840354920066	7.30326546475693	15.3231987879648	16.0319687355443	28.3827685170831	7.50929219699155	1039.73296524648	11.4962589507144	7.18295963199726
isobutanol	7.43093400431502	8.36713516788204	16.2902266549749	5.84524077037179	8.82444514204448	9.78225008827132	8.47304329664806	0	21.6809812410358	44.143141073787	44.9591011194192	22.8793839606054	38.8750740460527	44.2423023896684	23.6502355797066	27.0921561693455	13.4266297640905	7.27713511422446	8.68703991458745	9.22642982687474	7.02647470406166	8.19467962837126	15.8449606076616	9.44224329722855	7.90324091362067	8.92403938518923	11.939735520122	8.16538820081269	9.02581832887106	7.60239731018667	10.2306363230106	14.5874500920924	9.82479274970542	9.53824420163763	9.90599465687191	9.94857010100135	13.3169135811487	9.82333445572285	4.78598747023726	9.87064929115166	9.7562292650539	9.75049487052179	9.9863715939873	9.73305225085469	10.0802199340777	82.878935540681	98.4540419942421	21.9896833851172	20.036478967954	9.85480463356255	15.9276307366532	16.679159843288	15.1256350138973	16.0862586475119	12.4640920354941	15.9151576511424	12.4243084676965	12.3110146030212	21.7215810966006	12.3661690329275	16.5058089280945	22.1980672808933	18.9547191098344	17.2667411038536	18.5666317367006	9.30653189513002	13.6400569916761	8.37674585351579	10.3485537335535	11.5564361226128	34.1894851669609	9.85332195447148	6.58196868435458	14.1242064416399	13.937760463461	11.9449065756543	14.1546565291093	14.3872578983935	22.5909523989872	26.5355957202065	8.05854840141151	13.361236969558	25.1832584599679	12.9742857406464	16.1633525738019	12.1572151111625	12.2114207826377	12.210903548609	12.0968620818535	12.2143544349832	12.0984161481962	15.630215402408	13.5600379663038	15.4806695363653	20.2453157770511	12.2112701452377	12.0602056831142	18.2473585554457	18.9147430147047	30.0957881628255	12.6847995691785	1041.50598467868	15.3204318924738	12.2963399706787
sreticuline	19.8657359160006	19.2635536901771	11.2118975340875	21.3443239894032	18.4781515082049	20.175493695646	19.1003669623255	21.6809812410358	0	24.0175618938947	26.8407618279599	20.9887094431732	33.2733132170446	37.9281369426489	13.9821627468924	13.0579285431162	18.2966615992491	20.626810299958	18.9159197305821	18.9237702153255	20.6681614704302	19.1887046285049	19.3666264344066	19.662786212918	19.4633132791108	19.8355594985673	18.1967336083885	19.9536794913806	19.4509979240333	19.3395365524073	18.8546656810134	18.7498776624343	18.3028349339474	19.934473393351	19.3104051390117	19.2777235229555	17.8019376859979	18.3061008418546	20.9667900694538	19.9774269379122	18.2570381359756	18.2811207669876	18.2015620074323	17.9184305768695	17.8338526395314	65.1912454483303	80.7912729524046	7.26881273119456	8.28192468344611	20.0038343090053	18.8258589443799	9.22039069029712	11.8767294702799	9.71643770009727	18.6798277165027	19.1669389605976	18.6240376678638	18.6368311986942	20.73044208033	19.0132558120167	7.99549266955933	4.84074315959382	8.41214334867855	8.17338618974771	8.43987275254861	19.4072377335649	18.9028943813998	19.1050247536996	18.3804657964681	19.1805282737751	16.3597755282684	19.8415611622715	21.9504144354719	19.671133137446	19.658080713829	19.8190800164418	19.5608832845561	19.4159592265665	24.1463902557714	24.5384405446532	20.9342469986142	16.85659444449	9.42925489831558	10.89801848492	10.6643007186578	19.5248294467281	19.1012915458259	19.156633515795	19.1916415861485	19.1340833834828	19.0687803227015	11.3126645364681	14.406642288449	11.310680969955	8.76607358319204	19.1144354141848	19.2851588464537	9.40988593384127	8.66976797129051	12.9842873635343	17.8942482992853	1022.49718403904	11.4376423632986	17.9210754075281
psilocybin	42.9981147995775	42.4241328532526	33.1799818569324	44.0005430141168	42.1856597631507	43.0998797953735	42.2406783097092	44.143141073787	24.0175618938947	0	8.04847221454066	41.8039373944501	47.7379390527802	50.6389305467707	32.4574478110938	29.2216554392127	41.3710597228575	43.4879816939724	42.2630860906731	42.2888324698675	43.4519406016393	42.4139988967385	41.9853501438297	42.4383366135143	42.5856661512689	42.8975154165645	41.6139655801553	42.9698883272406	42.5952843292323	42.4045570731606	41.8973821054039	41.7459162581059	41.9863850112038	42.5674722566316	42.486292441821	42.443583734084	41.1504586115241	41.9899148835615	43.5734049863312	42.5429935463272	41.9467136071464	41.9844812956703	41.8647695097076	41.6112322116925	41.6244592341424	42.4854711387178	57.8363261982259	23.4632480440334	26.7894420309896	42.5602471187378	41.3187179763807	31.6609594355442	34.7046901319259	32.2221212302537	41.8142749898954	41.5463972505041	41.7829231758996	41.8001647829215	41.7552018395999	41.8462058547976	30.7260522423468	23.7064978096346	29.7922503340067	30.6297710036806	30.0000802177969	42.4147129680627	41.7860629534785	42.6084908199486	41.9459578698132	41.9129073275285	12.4770765932152	42.6300602618597	44.3451299193009	42.1430201039175	41.9696418944588	42.464258051256	41.996676790866	41.9414583911426	43.5706680053095	43.1108736633859	43.5890767456302	40.1298342100042	21.0557301151046	34.1431480429319	31.8143096991881	42.1268359257611	41.8515091100246	41.9111332520428	41.9477403175349	41.8855516610341	41.8152102241534	32.5091527051481	36.2703136566715	32.7069390158277	26.6113175357718	41.8656730738905	41.9979125277604	29.2669304015646	28.1270559553275	16.3745275060845	40.5096253580073	998.922180911351	33.012371084269	40.5711983993137
cinnamoyltropine	44.4505640309705	44.1832659838811	35.7929029401984	44.8772093521426	44.1146532542772	44.7710910105865	44.1850146874018	44.9591011194192	26.8407618279599	8.04847221454066	0	46.0799912573091	53.4753827907449	56.7292932300908	36.7575868801725	34.3160765106247	44.1611542169923	44.6407482992915	44.0606243826885	44.1611127641141	44.5658753536214	44.0797780954028	44.8574939963001	44.1521199672378	44.1726217934747	44.5085171287562	44.1129237080236	44.3582781755146	44.2674870648159	44.1443770127998	44.003290655811	44.5216099540117	44.0390093061364	44.1786777281706	44.4024777394339	44.2814167901332	44.0251462394438	44.0494200097842	44.6024081824349	44.1384776002495	44.0574592538748	44.0419660122014	44.0173804854162	43.6670820442583	43.8263951256213	38.8403345882062	54.3706412436451	24.4939479218359	28.8943653031735	44.1854592746835	44.4989863829889	34.4413656240319	37.5342105341338	34.8901686215485	44.3017409555446	44.5345888194119	44.2737171984565	44.2679427811294	45.8889173634383	44.2581012171874	33.2838947454104	26.2619446456362	32.8734314404359	33.3615868651161	33.0071700019371	44.1231138059145	44.4319147755764	44.3081912075588	44.1135104945087	44.0993269412615	11.9913552954042	44.3831487013108	45.0637073664415	44.6854406103	44.4365926577495	44.5714894063239	44.5695376121368	44.6051468662799	46.8018995580801	47.3464414628221	44.7600720498507	42.9163009459488	22.782712346547	36.0815471646535	34.0503020433546	44.3902293617831	44.2420089115173	44.3024100983046	44.3118007595001	44.2764317260926	44.1774516821962	34.6452770549651	38.4044291428586	34.9169129208937	28.492989064791	44.2563576838317	44.3196924735838	31.4302300276391	30.2648197823955	17.764948235747	42.9564896593672	997.586178539455	35.290250535986	42.9444110085835
choline	19.8683924534348	17.5378691413563	15.8628396915688	22.4934573531322	17.7746522393698	19.1657774044334	16.8096061091298	22.8793839606054	20.9887094431732	41.8039373944501	46.0799912573091	0	22.6622624138354	27.2939629007547	14.9445196880503	14.4784854813935	13.6546305342062	21.477803130866	17.5900999791696	17.4346200326653	21.2738988756078	18.2969527649034	14.3658871976519	18.5116482582285	19.1155662483909	19.1644629625213	14.6943375679673	19.6224177953888	18.1555952349974	17.999817391089	16.3523246414268	13.282214199538	17.2566622057395	18.7406807725412	17.8045704987575	17.2161242913506	13.6854546437438	17.3077344185826	21.8267458797228	18.7003871560428	17.2156679908291	17.2492791664257	16.9503993773481	17.2866579672951	16.4224750552363	83.7647899321748	99.2130879248597	26.5242941105208	22.0009579581279	18.5670422360296	12.1659601825033	15.8083448977717	14.0163872092697	15.8330449761835	14.0869896954598	12.5301296415061	14.1020357060378	14.2387658077005	8.9036714317176	15.6830355329644	17.4485849537536	22.4485250814676	16.9265120651955	17.1705306864546	17.0315940988266	17.8494112529889	13.4950818204523	19.2131894246493	17.1398918754053	16.4709253330915	36.8025507922828	18.358402371726	23.5088915446605	15.6416438094026	15.6559023201182	16.8107553286132	15.6132224039051	15.4546727763801	17.5667813521762	14.5151603602089	21.9829524728404	13.3885109368172	27.0472874639565	18.9258480425633	18.663658830742	16.8269815096768	15.6335635956397	15.6342830333471	15.6437560720071	15.6364786325958	15.6424601145342	18.7665479988237	17.7891910577862	18.2082500625043	22.8702770359165	15.6337128223419	16.0929116185646	20.6662158046018	21.0384876276065	31.38997002014	15.6659626499596	1036.82755161501	17.8856391740296	15.6759222257868
hypoxanthine	36.0998145407672	33.6403475919916	30.5159332626014	38.7085735184383	33.3124691169915	35.4162871865622	32.2169265271743	38.8750740460527	33.2733132170446	47.7379390527802	53.4753827907449	22.6622624138354	0	7.22053966141846	22.8665893367444	23.4705521600761	27.0953663992423	37.271635441866	33.1598906856271	33.0549919901672	36.69422822336	33.5290267998623	29.0913658096605	32.9407509483527	34.4561394319478	34.7430624317509	29.7063987913165	35.1611234466205	33.9482805649627	33.0178845667139	31.5016523152501	28.8208051475022	32.3553722955315	33.1137375168389	33.3916909184946	32.7074718256183	27.8750672470121	32.2159997234126	36.9517163733271	32.8106241676866	32.1911666876765	32.4629144340506	32.0032409399875	32.3244863385101	31.6290499118596	88.5692284851483	103.186895619686	39.2831233963616	34.1341339073949	32.8575448675392	25.1322880243751	29.6951426857111	28.5907568958051	30.0373796353623	30.322204417961	27.9427671882609	30.2997434284926	30.4142837483138	19.3679796484432	30.8417100265116	31.002213250348	33.7052987729447	28.9444143746055	30.2689920721759	29.23151060206	33.5115934104132	28.9733663934909	34.9266814533854	32.053569965425	30.2285153770309	45.9706511421837	33.0498344716067	39.5011199481836	29.8012290454161	28.5361420689218	31.4078197946949	29.5831155938699	28.9192495141417	26.7873366482913	23.1973675646156	37.2824662751842	28.2738802437077	37.7415121997841	32.8615135188746	32.0676529572315	31.3595917299695	30.4319152492111	30.4318865416075	30.6102214371787	30.433191811279	30.6104400885638	32.4284856756881	32.0046565895458	32.000807125366	35.1166573930606	30.4318972883633	30.8950394243155	33.1685727257911	33.5284595659084	40.9618033759366	30.0629134944571	1034.0761096716	31.5583595086897	30.4622505735463
xanthine	41.4841642088425	38.9299774826426	35.3812182553815	44.0849720637044	38.7434158921673	40.7611194259332	37.4505689658684	44.2423023896684	37.9281369426489	50.6389305467707	56.7292932300908	27.2939629007547	7.22053966141846	0	27.2554863836107	27.624249071973	32.5170809449775	42.7330781914118	38.6017440801558	38.4752636475659	42.1485116675528	38.9827450271385	34.3145653546836	38.3165585228713	39.8950849919087	40.2121846263337	35.1260187164875	40.607978523666	39.3371408066934	38.3367917572576	36.8127127956074	34.1026993343363	37.8164583624254	38.450081415953	38.8132519424306	38.1705814032635	33.2915219528379	37.6773255333114	42.3648787027133	38.1979169756886	37.6041109899697	37.9046147323837	37.4316857090504	37.7656939617386	37.056102654289	90.6741841961104	104.992678481709	44.045730208076	38.7972255401532	38.2296689796592	30.1914992033847	34.6586823689985	33.6962336510394	35.0248802843085	35.441388804009	32.8349681820598	35.4349025766529	35.5553953798725	24.3968836514903	36.041820941644	35.9550123191345	38.257055398376	33.7458540543234	35.1736584684972	34.0574241580371	38.8277731856395	33.9282481595534	40.368276182358	37.5242130722003	35.4927995459192	49.9255856278862	38.5272205562056	44.9669426733864	35.0072173771254	33.5657531675983	36.5432793409633	34.7458644856009	34.1970253845136	30.9390931236858	26.915806335319	42.6988465021944	33.4784314905321	42.0621382532725	38.1904146403523	37.0020281567282	36.5622099287077	35.6128944411022	35.6129259390229	35.7792139137168	35.6140163912308	35.7792769104763	37.3919775467796	37.1107121433677	36.963047706106	39.7719817397073	35.6128924035485	36.0790666083788	37.9862807607539	38.271663608809	44.9250564392389	35.2544023722029	1032.97932786519	36.54963177732	35.6376167369709
nicotianamine	20.5955186888101	19.218654697982	13.3570366346356	23.3344644838809	18.8324875508807	20.1457024102643	18.4402172118498	23.6502355797066	13.9821627468924	32.4574478110938	36.7575868801725	14.9445196880503	22.8665893367444	27.2554863836107	0	10.6308228408047	15.3190169563961	22.062724696466	18.6729264823225	18.5294859274246	21.9220314529984	19.1331866063786	17.0890656271862	19.4008421612255	19.8119947812415	19.907953191363	16.0617727120451	20.7293291668289	19.7052547532185	19.1642473156566	17.7968647835437	16.4384631876431	18.3323286634709	19.799936198874	18.8857945634983	18.6065665740267	15.2912444376235	18.2600831235386	22.3909973223068	19.7228286585457	18.1060234125961	18.3405339202073	17.8809683582976	18.0531547097185	17.5762031738916	74.1158181644447	89.499046408487	19.3046782002802	15.8498911571494	19.6652485555056	11.7662300292213	11.820786628735	12.014613335691	12.2765545137202	17.0161193223679	16.0769466126569	16.9984550300745	17.078344020549	12.6243649862217	17.8779772078266	12.9411951394545	14.8831735501693	11.6534930040378	12.5028653336039	11.8909215552961	19.0167847379834	15.6450484240578	20.0948635138871	17.8458682411734	17.110178361887	27.6352688587969	18.9054284653693	23.9279538761702	16.7674745525245	16.4089056744042	18.2206115618021	16.7819736272982	16.3847651238428	18.5660932234902	18.4140554312994	22.4322023190424	15.0356591951878	19.3800840600989	15.3829120481626	14.7116038043247	18.4982155629392	17.6344888391619	17.6681953827905	17.7226911827238	17.6554328172002	17.6481182556768	15.150744897725	16.1432191668378	14.7717736561799	16.6801035363197	17.6424828146721	18.006556948785	15.4231666998245	15.384393789106	23.0128867236155	16.8546715416696	1027.97747690916	14.5859134096963	16.9473014449181
ergothioneine	24.429283580665	22.1672966160806	14.4884246141754	26.8429483352391	22.2468406501123	23.9800338766251	21.6062513707395	27.0921561693455	13.0579285431162	29.2216554392127	34.3160765106247	14.4784854813935	23.4705521600761	27.624249071973	10.6308228408047	0	18.1059105384493	25.7101189121552	22.1432718535398	22.1606580017006	25.5298040534866	22.6694344977936	18.5851979751173	22.5408000618915	23.3042762434767	23.8751170399856	19.5412554840096	23.999002494748	22.6028572101922	22.4668586542571	20.786976407699	18.1389546314414	21.5936898131215	22.6864841115468	22.6522153949259	22.1067077374593	18.2380432289656	21.6592056491814	25.8681660000221	22.5545826475633	21.6368080394587	21.6245579713454	21.3830316424032	21.4533859882577	20.8839655311786	71.4246811215762	86.7430084132722	19.549439528153	15.6649879880174	22.4803653464883	17.1256614263741	12.9515368464712	13.8766680028564	13.5295266927576	19.5659311505805	17.9482088316573	19.5250595448733	19.6276178293568	14.9812739660953	20.0433743817059	13.7076847606421	14.5192507707632	11.6012743334304	13.3539957173672	11.9753365171332	22.6215724300903	19.1767990935769	23.5398535539049	21.5722696183409	20.6795923082106	26.3289385132338	22.8845778757578	27.8132674732805	20.3782069048714	19.9249653735808	21.7840481346006	20.0269025372037	19.8675029627513	20.9229082814565	18.2579716692926	26.0018024813872	17.5750676457936	18.1919584030463	17.8163259035615	15.6390320893069	21.0270371341855	20.1450771133469	20.1841797563038	20.2770302256481	20.1687398151576	20.1905719061859	16.2891927615903	17.9782796863565	15.9457818079225	16.5936862168055	20.1543564253842	20.5504811801893	15.7141595818762	15.5010124166841	21.24331412646	19.1239808609062	1024.13718196956	15.7706163630299	19.3323963834488
glutathione	10.6556159280868	8.67098528078371	12.1637125742782	13.0372258030034	8.1564300298818	11.4995764467262	8.16099909687061	13.4266297640905	18.2966615992491	41.3710597228575	44.1611542169923	13.6546305342062	27.0953663992423	32.5170809449775	15.3190169563961	18.1059105384493	0	11.6253068492717	7.93371804884673	8.19743207171031	11.2590691591578	8.15519584403745	8.38770663664227	7.83225457990935	8.61399108104074	9.95898755913265	6.3908489224396	10.0466513432469	9.36104422035289	8.1601593923895	6.59772009638715	7.58802547831155	7.45160099194381	8.79529669869913	8.73395831808492	8.74935987020966	4.73467741509078	7.42483897572873	11.5508289504704	8.83888698676385	7.42123896171915	7.55196733541369	7.22857059593572	7.51397305569771	6.91709644713121	82.7089198950269	98.2880712270323	21.8868987866479	17.7310014564225	8.94530518747715	7.28577382044857	11.7063308191942	9.09213112252209	11.3974135653211	8.08764251365621	9.40823613937819	7.99510352914462	8.01416127238361	11.048968682553	8.31194758985186	12.3785253231163	19.0973579269811	13.2408144298203	12.7453119303747	13.0027423267304	9.275959317463	8.04848517265723	9.78182188239986	7.76047096735667	6.84888918919679	33.6157584680859	9.35309428200583	13.9561279532216	9.16627483417592	7.7047498183386	9.28609299442028	8.46822883999608	8.35187234904324	15.4536655642743	18.0813318758809	12.1780592324711	6.61262365079063	23.5581880285766	10.7965953872634	13.2329980495276	9.01562675377756	8.13013944096949	8.12943566107089	8.26617740296616	8.134585664349	8.26829154219564	13.0814790931952	10.9623051398781	12.6408024811628	18.4941566503802	8.1299305528446	8.51242439572911	15.6672016531178	16.4787856303798	28.6741160318813	8.10089142798754	1038.99468302711	12.1073413157285	8.25559173435371
alanine	3.75353527117918	8.19191009504212	15.6367145613582	5.8679320542679	6.75644062805201	7.49227826638923	9.55451412694308	7.27713511422446	20.626810299958	43.4879816939724	44.6407482992915	21.477803130866	37.271635441866	42.7330781914118	22.062724696466	25.7101189121552	11.6253068492717	0	5.23867184944141	5.25066775396863	4.3788497591769	5.21464148767032	13.7892096372853	8.23004360760758	4.47853874589216	4.7285596935982	8.54203186550823	5.48227395879452	7.5383255358622	8.04607592523553	8.63401177473218	13.0124618585736	7.0854578571652	9.49437536964759	5.76573917957638	7.20607237912016	10.9610854473644	7.06355259554521	6.17613551178745	9.56917588413338	7.48119955053712	7.17452094257976	7.60587173762908	7.14060788244937	7.7588741732845	82.6440112583913	98.2864014494704	20.8827833202739	19.9515531283197	9.96762336898496	14.4869957659661	15.6464822902823	13.9194970787365	15.0958130805042	11.5829173178333	15.1468369324349	11.5604910546124	11.4487757711414	20.4575948630631	12.1282927364489	15.6377703108749	21.3394384089818	18.1819389244331	16.2801116737856	17.7998560345561	7.87455788107787	12.1104347162825	5.97213227646576	7.71423472700656	10.643314910714	33.5471101123842	8.48402137957687	4.84116243279948	12.0460295125671	12.985386306224	10.8807275140888	12.1244105773995	12.315846387473	21.7870771986019	25.9756930294799	5.73980918782805	12.1510885318757	25.1368964493965	11.0348814710119	16.0600990983768	12.0665033100529	12.077977951735	12.0774368748333	11.9710419239656	12.0809339498426	11.9726530038481	15.565074876189	13.5140593353405	15.3824599133131	20.2100049835881	12.0778213436348	11.9727193698028	18.1690793115831	18.8273229586952	30.0451514205982	12.5283967232929	1041.44532633839	15.1878958813482	12.1642156099863
arginine	4.40174679962572	6.22010723997049	13.0702034372344	7.94724189121065	5.19208297422447	7.09782800987321	7.00735731700355	8.68703991458745	18.9159197305821	42.2630860906731	44.0606243826885	17.5900999791696	33.1598906856271	38.6017440801558	18.6729264823225	22.1432718535398	7.93371804884673	5.23867184944141	0	2.15017948379548	5.48017200337986	1.60533381453843	11.1389469877969	5.95704139715586	3.02832468203472	4.42833863549551	4.57553522189283	4.75382992730226	6.03079559936223	6.0927006352873	5.49345580137874	9.97381056198489	4.89308425282766	6.82979316490637	4.38177665567003	4.77942581152932	7.09143151259501	4.79560168528732	7.05231492974247	6.80428017334628	5.21662671004944	4.96439374144673	5.22042773198891	4.8470514321086	5.08772149918709	82.4662423780634	98.1395149399887	20.5046146909422	18.3042908402626	7.24628361476794	10.496808545332	12.9786442294229	10.7720127878523	12.4638061085624	8.52578749851073	11.6176391715358	8.51256578707024	8.43871395612135	16.1627463058427	9.40786202192466	13.2815290561277	19.644687118934	15.2733196809093	13.7585523554927	14.9745283829855	5.70879603544654	8.67301907232084	5.51473916511924	5.33439475969127	7.19963379116793	33.1302020742493	6.34585310687492	7.83325732412668	8.69715303840519	9.22215343146419	8.46098386123954	8.51348803624408	8.79967691259082	18.2835934670597	22.0839960599362	6.94135152134454	8.47423976256308	23.9278191588956	9.5707666510862	13.9744461426634	9.59728718202294	9.16769832082509	9.16701679347228	9.08716264970731	9.17160972601366	9.08921462721576	13.577087056548	11.3718430276036	13.2451557729922	18.7743892449201	9.16749943799114	9.24684708412128	16.38730488678	17.0818625606602	28.9935046926824	9.59406868138266	1040.36099406408	12.9370406132364	9.28035231743178
asparagine	4.42340682241507	6.92945158542523	13.0420706351616	8.23371248031884	5.40681959499745	7.00960730613578	7.54166607655932	9.22642982687474	18.9237702153255	42.2888324698675	44.1611127641141	17.4346200326653	33.0549919901672	38.4752636475659	18.5294859274246	22.1606580017006	8.19743207171031	5.25066775396863	2.15017948379548	0	5.64234720756311	3.11599055070124	11.1855208709781	6.84074992989925	3.76623469340777	3.95288868598231	4.22315605247293	5.0527736117096	6.5153233070164	6.72960673633558	6.21832400471551	10.1289926824334	5.13521456846914	8.16608847197712	3.90497055804007	4.76649529920082	7.25717310844285	5.00450233448391	7.67107832310505	8.1848997650756	5.40725391828781	5.20320663646849	5.43536385537383	5.05373389927505	5.18756094615132	82.4833117559328	98.1632278916152	20.4829626574481	18.5780211823436	8.62328950067693	10.7186357980279	12.991848974858	10.7895835437468	12.4970185182932	8.54492336183526	11.6983028643372	8.54390027182181	8.475010225613	16.1176188701162	9.97514442297815	13.4366705183261	19.649704165467	15.5179576919017	13.8115301646245	15.2217973261594	5.81361615057546	8.54173684453151	5.68231902819404	5.45503550788785	7.89354750965616	33.1598970965143	6.67193491229772	7.95612755867053	8.76994707067993	9.77174899967629	8.56649674930139	8.86545704332583	8.92664075168003	18.7547727727503	22.1724072087947	7.19013656954127	8.58320483031448	24.146227124317	9.69563848753192	14.3314394033445	10.1733703816152	9.69856082737415	9.69792418967257	9.61075080039376	9.70226242781145	9.61267399159668	13.9541189421388	11.8518527131043	13.6116268562886	19.0524827974162	9.69837463216189	9.79326271621994	16.7166579808254	17.3748586039581	29.1645830236528	10.1251600162843	1040.46159592573	13.3142848777654	9.80495628812601
aspartate	5.28838026902205	7.48295896033705	14.9503169806814	5.52624877497355	7.32366041581258	8.6388292964856	8.56248881962427	7.02647470406166	20.6681614704302	43.4519406016393	44.5658753536214	21.2738988756078	36.69422822336	42.1485116675528	21.9220314529984	25.5298040534866	11.2590691591578	4.3788497591769	5.48017200337986	5.64234720756311	0	5.06846555275939	14.1227674643535	7.17517591640165	5.04419658761439	5.68188036530533	8.91507534686551	4.4548032619085	7.14636525066707	7.1249121164637	8.31960803883223	12.8868961522279	7.56679129869116	8.45270845017076	6.95482686613401	6.66701804516862	11.029412583935	7.47024753546773	5.61597021079667	8.49722038399236	7.78215620931036	7.61309837020179	7.92146068805703	7.50363985140997	8.05773045211669	82.7143080882721	98.3181481099217	21.2480705891717	19.5846546502869	8.92024411555089	14.2454733444457	15.1666589385954	13.3901839249199	14.5788267007405	10.7904487951959	14.3089571039249	10.7910080722462	10.6743434797866	19.9502504781204	11.7533631698105	15.2768304500044	21.0429615731938	17.6613466738794	15.8567529234093	17.3034352780717	6.3752613948851	11.2499471211978	6.98234774160021	8.15253924202489	9.42047836213984	33.6265917951396	7.52109301074754	4.87932363348611	11.8729827751461	11.7425930014224	9.6127649060383	11.9003021199816	12.1250393097759	20.9618032841152	25.1251727623338	6.28488033793968	11.5857114040421	24.8649626588325	11.2580751413522	15.6037714686334	11.5712209072274	11.4678579503359	11.4672862109998	11.360493283364	11.4709701336886	11.3621951434839	15.1331850918992	13.0660519065709	14.9111193234385	19.8929567452081	11.4676925649056	11.4052981413669	17.787154869679	18.439677789489	29.8054453183401	11.9244798460449	1041.25274850331	14.6883343323084	11.5586885002561
citrulline	4.66445672362176	6.12731265528517	13.4168056624264	7.58939056895573	5.50310775336403	7.46254045142064	6.84565140826327	8.19467962837126	19.1887046285049	42.4139988967385	44.0797780954028	18.2969527649034	33.5290267998623	38.9827450271385	19.1331866063786	22.6694344977936	8.15519584403745	5.21464148767032	1.60533381453843	3.11599055070124	5.06846555275939	0	11.7376447672675	5.29147083510504	2.7912088208089	4.82928143990183	5.54421101778903	4.58342587928466	6.17433458776635	5.72225196902596	5.46868228310015	10.4911768751983	5.30764035860811	6.05654077153829	4.99827830638451	5.07418729154154	7.62655674298312	5.15884072802998	6.40766423040157	6.06075807535649	5.50759320139106	5.37345112384884	5.57633860454011	5.20662693105451	5.55716806334426	82.4975100635764	98.1543119393777	20.6532450709408	18.3146610272608	6.59251373197166	10.9246680757718	13.336468941928	11.2036242096468	12.8092912815745	8.9944046484586	12.0817906491223	8.97997876400006	8.89639064643942	16.6441207044255	9.52377276030441	13.5119637661432	19.8287080767468	15.4680471586841	14.0144072992636	15.1607217045653	5.66941948497962	9.13474709831524	5.7558636339475	5.70836452949094	6.78478469061337	33.1837240574836	5.91748435803697	7.39896498749759	8.8827892413938	8.9906543441009	8.4181425245102	8.61756881132882	8.96147529252167	18.3014580245574	22.5079217345395	6.60615442299422	8.89414970924889	23.9251015681298	9.75250988390051	13.987547938195	9.55678906411022	9.1905885470486	9.1899154825603	9.1151883599893	9.19449396762731	9.11721885929381	13.5752418990177	11.3378854948504	13.2625395513141	18.7674331791913	9.19039176665773	9.24522002870077	16.381687773344	17.0923519454653	28.9997915222548	9.60981611682222	1040.41920969762	12.9514647784282	9.30282172572711
